MSE:  0.00326 
MAE: 0.04599
RMSE: 0.05711
MAPE: 0.00915
