MSE:  0.00238 
MAE: 0.04115
RMSE: 0.04877
MAPE: 0.00813
