MSE:  0.00296 
MAE: 0.04486
RMSE: 0.05444
MAPE: 0.00891
