MSE:  0.00238 
MAE: 0.04114
RMSE: 0.04877
MAPE: 0.00813
