MSE:  0.00238 
MAE: 0.04110
RMSE: 0.04874
MAPE: 0.00812
