MSE:  0.00329 
MAE: 0.04726
RMSE: 0.05736
MAPE: 0.00939
