MSE:  0.00236 
MAE: 0.04117
RMSE: 0.04858
MAPE: 0.00813
