MSE:  0.06289 
MAE: 0.20708
RMSE: 0.25078
MAPE: 0.04376
