MSE:  0.00325 
MAE: 0.04592
RMSE: 0.05701
MAPE: 0.00914
