MSE:  0.00236 
MAE: 0.04127
RMSE: 0.04861
MAPE: 0.00815
