MSE:  0.00318 
MAE: 0.04488
RMSE: 0.05636
MAPE: 0.00894
