MSE:  0.00298 
MAE: 0.04304
RMSE: 0.05461
MAPE: 0.00858
