MSE:  0.00299 
MAE: 0.04307
RMSE: 0.05466
MAPE: 0.00858
