MSE:  0.00518 
MAE: 0.05905
RMSE: 0.07195
MAPE: 0.01180
