MSE:  0.00403 
MAE: 0.05146
RMSE: 0.06350
MAPE: 0.01026
